Purity: 0.47381706652939093
Coverage: 0.809329708277208
Overflow: 0.7023330651649236
