Purity: 0.4997489392514395
Coverage: 0.8590337815285615
Overflow: 0.7312675118595168
