Purity: 0.4685498995627746
Coverage: 0.7679318083129765
Overflow: 0.7150248286958693
