Purity: 0.41816940191370605
Coverage: 0.7831788816748646
Overflow: 0.8315948622631565
