Purity: 0.5077440861158404
Coverage: 0.839719846304376
Overflow: 0.7377729075928648
