Purity: 0.45941881084537667
Coverage: 0.7623473206752519
Overflow: 0.6890864704413682
