Purity: 0.4791050948741914
Coverage: 0.797756574518263
Overflow: 0.6879906788359642
