Purity: 0.5399981004109037
Coverage: 0.7952639348972845
Overflow: 0.5832385496712625
