Purity: 0.48986904001884113
Coverage: 0.8103509505191989
Overflow: 0.699822454018365
