Purity: 0.4137679994463537
Coverage: 0.759427668236954
Overflow: 0.6859413944958868
