Purity: 0.4006448733157853
Coverage: 0.745427278868781
Overflow: 0.6925212764583576
