Purity: 0.43009284472263415
Coverage: 0.7649008384962473
Overflow: 0.6782960753167254
