Purity: 0.41361494037182694
Coverage: 0.759427668236954
Overflow: 0.6184637041054848
