Purity: 0.46685165572516557
Coverage: 0.8194725835154453
Overflow: 0.6877881523381504
