Purity: 0.4055865426925075
Coverage: 0.7278413922049566
Overflow: 0.7130357857760903
