Purity: 0.46752795719266454
Coverage: 0.7854281492930028
Overflow: 0.6405214830886057
