Purity: 0.4409249563454439
Coverage: 0.760630707370147
Overflow: 0.6917851561995532
