Purity: 0.41326062456929585
Coverage: 0.7791619045916589
Overflow: 0.7227538646313587
