Purity: 0.45870880890036425
Coverage: 0.7832307271455072
Overflow: 0.64638461637803
