Purity: 0.46563975728777907
Coverage: 0.8557679548157415
Overflow: 0.6550810693216284
