Purity: 0.41161115703762235
Coverage: 0.7803218337530394
Overflow: 0.6841815645675237
