Purity: 0.4303011516261452
Coverage: 0.7810984114090639
Overflow: 0.7181257438286219
