Purity: 0.4355859447627502
Coverage: 0.8181484529764396
Overflow: 0.6315280959266985
