Purity: 0.40965870933144644
Coverage: 0.8341370599213594
Overflow: 0.6326414394123594
