Purity: 0.46243277883096817
Coverage: 0.7907826988124185
Overflow: 0.6864786353224217
