Purity: 0.44979250859492925
Coverage: 0.7591845097086337
Overflow: 0.6783269134791344
