Purity: 0.4277054499586826
Coverage: 0.8445558621609189
Overflow: 0.6915526662656923
