Purity: 0.4526650753146502
Coverage: 0.7332895818870611
Overflow: 0.7597353569737533
