Purity: 0.40873246378316996
Coverage: 0.8287342649559193
Overflow: 0.6264988546638854
