Purity: 0.5013384585484815
Coverage: 0.8798557611071893
Overflow: 0.6044043362279358
