Purity: 0.4481152371567215
Coverage: 0.7197570248237617
Overflow: 0.6995856745558772
