Purity: 0.4020712754911649
Coverage: 0.6879760340682902
Overflow: 0.7900561893410523
