Purity: 0.5013316037773593
Coverage: 0.708155369304049
Overflow: 0.8098075940745786
