Purity: 0.49841860767765217
Coverage: 0.9165632237405781
Overflow: 0.6961802599466484
