Purity: 0.38144181630117885
Coverage: 0.7333051256760822
Overflow: 0.7767183154549067
