Purity: 0.415361409340355
Coverage: 0.7440238664058172
Overflow: 0.7018559509620296
