Purity: 0.528046769912853
Coverage: 0.8711503143166642
Overflow: 0.5844826607639481
