Purity: 0.4044073176845132
Coverage: 0.6725742390159675
Overflow: 0.8040183892388898
