Purity: 0.3867910939234061
Coverage: 0.8096149449710867
Overflow: 0.3988995873452545
