Purity: 0.37210439089705855
Coverage: 0.8274448921998933
Overflow: 0.39951856946354886
