Purity: 0.4196561913897401
Coverage: 0.9014941389527834
Overflow: 0.3320495185694636
