Purity: 0.3931347018755424
Coverage: 0.8505964031512273
Overflow: 0.3896148555708391
