Purity: 0.4123654542449841
Coverage: 0.87410962996457
Overflow: 0.3997936726272352
