Purity: 0.3867828630255539
Coverage: 0.7296770058930072
Overflow: 0.40515818431911965
