Purity: 0.39535055127491564
Coverage: 0.8046888365967024
Overflow: 0.3896148555708391
