Purity: 0.4971154108250771
Coverage: 0.7704148428870895
Overflow: 0.8215943251938189
