Purity: 0.4945850744123476
Coverage: 0.8166899515477236
Overflow: 0.775051421338537
