Purity: 0.489578733132548
Coverage: 0.7894778841950348
Overflow: 0.7992458203681241
