Purity: 0.44390165447110314
Coverage: 0.7801699163058564
Overflow: 0.7947101946099889
