Purity: 0.5009318189468102
Coverage: 0.8165698992049023
Overflow: 0.7830942460840673
