Purity: 0.48658469253978937
Coverage: 0.7943406588871433
Overflow: 0.7806945836190075
