Purity: 0.586813953708783
Coverage: 0.7196266365850816
Overflow: 0.7343230842255155
