Purity: 0.5872137495208765
Coverage: 0.7196266365850816
Overflow: 0.7844259269025895
