Purity: 0.530272610782225
Coverage: 0.7496510132150789
Overflow: 0.7920863878487422
