Purity: 0.5693526748967265
Coverage: 0.7841040132865245
Overflow: 0.7770159801698223
