Purity: 0.6207840077031637
Coverage: 0.6878973336278695
Overflow: 0.4089730108657553
