Purity: 0.6070181552313567
Coverage: 0.8279458572251778
Overflow: 0.5000350508236944
