Purity: 0.5737142289335304
Coverage: 0.6694622929339157
Overflow: 0.5994391868208903
