Purity: 0.5238174087410213
Coverage: 0.6511049924233073
Overflow: 0.7338240448650544
