Purity: 0.6183917162709682
Coverage: 0.800539552951951
Overflow: 0.5427970557308097
