Purity: 0.6286436425129395
Coverage: 0.8217267169822814
Overflow: 0.4288117770767613
