Purity: 0.6164784296927971
Coverage: 0.8308407292456345
Overflow: 0.4293024886084823
