Purity: 0.41779225704444817
Coverage: 0.7289318672130941
Overflow: 0.7232731655134125
