Purity: 0.4253929822693784
Coverage: 0.7778627319546486
Overflow: 0.6929274600874757
