Purity: 0.4330134849926185
Coverage: 0.7784089265077249
Overflow: 0.6751343958618261
