Purity: 0.4179429738421757
Coverage: 0.7342554040803025
Overflow: 0.6255602648647917
