Purity: 0.4013412106728026
Coverage: 0.6994634410319579
Overflow: 0.775528443174586
