Purity: 0.4005242255077732
Coverage: 0.727785902666013
Overflow: 0.7646413627808095
