Purity: 0.46658677781118896
Coverage: 0.771823027467911
Overflow: 0.551557908705602
