Purity: 0.41161837025567144
Coverage: 0.7744201645699251
Overflow: 0.7155547129954366
