Purity: 0.435347271265632
Coverage: 0.7581330247168947
Overflow: 0.671803274248805
