Purity: 0.3680326819633766
Coverage: 0.8317569623541787
Overflow: 0.7620140216698534
