Purity: 0.523077604329697
Coverage: 0.8594035573635651
Overflow: 0.6600382409177821
