Purity: 0.482556010463602
Coverage: 0.7627041666296608
Overflow: 0.5568514977692798
