Purity: 0.4958500789019008
Coverage: 0.8958301733362626
Overflow: 0.6661567877629063
