Purity: 0.4771236786744209
Coverage: 0.8392224634751666
Overflow: 0.7012109623964309
