Purity: 0.47940176345619057
Coverage: 0.85530021712765
Overflow: 0.7012109623964309
