Purity: 0.5214893174665621
Coverage: 0.870033219525434
Overflow: 0.5165710643722116
