Purity: 0.49298550882782005
Coverage: 0.8636191416128209
Overflow: 0.718546845124283
