Purity: 0.4313278887793784
Coverage: 0.8306794451852504
Overflow: 0.6131293817718292
