Purity: 0.3732115348990462
Coverage: 0.8494009863361839
Overflow: 0.7620140216698534
