Purity: 0.4990197999928915
Coverage: 0.7861993664129661
Overflow: 0.585817866998539
