Purity: 0.45973463428996264
Coverage: 0.784288101868362
Overflow: 0.6478410259185109
