Purity: 0.4723481896042967
Coverage: 0.7344359129349676
Overflow: 0.6399139656944971
