Purity: 0.446023346523412
Coverage: 0.7144437877850421
Overflow: 0.6639927493101022
