Purity: 0.48561093803395605
Coverage: 0.7247714037884049
Overflow: 0.6054055516476381
