Purity: 0.46923346937935595
Coverage: 0.7962933338334429
Overflow: 0.6209891239651534
