Purity: 0.4928716412193036
Coverage: 0.7860240451037317
Overflow: 0.5740219685081976
