Purity: 0.4578415614469242
Coverage: 0.7668204123216421
Overflow: 0.6653319625561387
