Purity: 0.45871424434313
Coverage: 0.756169362890573
Overflow: 0.6884232454953736
