Purity: 0.4452328697383362
Coverage: 0.9514956696437181
Overflow: 0.4695646376425095
