Purity: 0.43086416072062245
Coverage: 0.9399397784050474
Overflow: 0.5044336289085939
