Purity: 0.42961611627047225
Coverage: 0.9116611469494252
Overflow: 0.3961597439829322
