Purity: 0.44176242702797974
Coverage: 0.8376677951847151
Overflow: 0.5957730515367691
