Purity: 0.42033576942173084
Coverage: 0.8407097089966696
Overflow: 0.531768784585639
