Purity: 0.46495196066170885
Coverage: 0.9514956696437181
Overflow: 0.4550303353556904
