Purity: 0.4351119458949603
Coverage: 0.9514956696437181
Overflow: 0.453096873124875
