Purity: 0.51364710407469
Coverage: 0.6234109904694687
Overflow: 0.8057696474448262
