Purity: 0.45886397776867527
Coverage: 0.8431322959034723
Overflow: 0.710325935555762
