Purity: 0.4720028215028058
Coverage: 0.741563936021538
Overflow: 0.7423932893800105
