Purity: 0.4917794871637201
Coverage: 0.7139334970638976
Overflow: 0.7833286903766985
