Purity: 0.4627283456533097
Coverage: 0.7660052094824632
Overflow: 0.6909493298665924
