Purity: 0.4681019944134742
Coverage: 0.7103632508849969
Overflow: 0.7788714520073049
