Purity: 0.46312291195982286
Coverage: 0.7660052094824632
Overflow: 0.7764571145572167
