Purity: 0.45051815119647554
Coverage: 0.6676929210188528
Overflow: 0.7598972358931501
