Purity: 0.44777292262145674
Coverage: 0.6144322094879616
Overflow: 0.757467421920946
