Purity: 0.4489497864574013
Coverage: 0.7081178763585365
Overflow: 0.7981397220416628
