Purity: 0.49103097439408594
Coverage: 0.8653386495683839
Overflow: 0.5302436823750976
