Purity: 0.5086292731877343
Coverage: 0.8600816874647345
Overflow: 0.5131150240961267
