Purity: 0.4976776598830195
Coverage: 0.8796573679786017
Overflow: 0.49922305208057344
