Purity: 0.5109575859006893
Coverage: 0.827265539687457
Overflow: 0.5586864209553953
