Purity: 0.49015103787124703
Coverage: 0.8563808975884446
Overflow: 0.5894922269404006
