Purity: 0.5432001816905431
Coverage: 0.8319818760755662
Overflow: 0.4520547945205479
