Purity: 0.5481334230803107
Coverage: 0.8308706521065715
Overflow: 0.45280667960386395
