Purity: 0.4846169507837365
Coverage: 0.835203767886706
Overflow: 0.5522631741007813
