Purity: 0.4972706754124714
Coverage: 0.8400150084816693
Overflow: 0.5664487393393436
