Purity: 0.4911371044860926
Coverage: 0.8653386495683839
Overflow: 0.5341463239980236
