Purity: 0.48094027729013306
Coverage: 0.8421697115099845
Overflow: 0.5486612865111816
