Purity: 0.48312922555799215
Coverage: 0.7567241016832258
Overflow: 0.5653174495735752
