Purity: 0.486895787553206
Coverage: 0.6984774060342012
Overflow: 0.5875863002572086
