Purity: 0.47331416190566045
Coverage: 0.8025643098570566
Overflow: 0.6483010694463246
