Purity: 0.4871980114359102
Coverage: 0.7567241016832258
Overflow: 0.5653174495735752
