Purity: 0.39706285868855473
Coverage: 0.8041163323463376
Overflow: 0.5877893596859347
