Purity: 0.48877302622960206
Coverage: 0.7154699379733623
Overflow: 0.5744551238662515
