Purity: 0.4914991647337436
Coverage: 0.5511822139173636
Overflow: 0.6477595776363883
