Purity: 0.4448159432838031
Coverage: 0.7761628203312232
Overflow: 0.6921433043857023
