Purity: 0.45658960298116824
Coverage: 0.8004975830404546
Overflow: 0.683431791577056
