Purity: 0.44364428220601976
Coverage: 0.7894823804250974
Overflow: 0.6440258078566956
