Purity: 0.46044476252108024
Coverage: 0.796030587060609
Overflow: 0.684017096343887
