Purity: 0.45983130742599426
Coverage: 0.7977686789349558
Overflow: 0.6585767565948875
