Purity: 0.5027192844815855
Coverage: 0.8089808735417603
Overflow: 0.605817657147524
