Purity: 0.4792302706112977
Coverage: 0.8097810212734666
Overflow: 0.692538044809844
