Purity: 0.44817735797798147
Coverage: 0.7991934322530426
Overflow: 0.7207007323115455
