Purity: 0.42651022331036875
Coverage: 0.7886653737623807
Overflow: 0.7488906432907739
