Purity: 0.4739755596222831
Coverage: 0.7945663095238525
Overflow: 0.6893858797045809
