Purity: 0.5560268759044434
Coverage: 0.7852499893387603
Overflow: 0.7200764759393743
