Purity: 0.5673355867585739
Coverage: 0.7901949984221321
Overflow: 0.7369983193795581
