Purity: 0.5114099172272037
Coverage: 0.7672304603611694
Overflow: 0.7091447337989731
