Purity: 0.502377807512399
Coverage: 0.706640796035989
Overflow: 0.7317405985475739
