Purity: 0.5053766672972455
Coverage: 0.7483513586218373
Overflow: 0.7023143222782429
