Purity: 0.5197827916276002
Coverage: 0.7991315026455447
Overflow: 0.7001788550195045
