Purity: 0.4737513452090683
Coverage: 0.6613076542130311
Overflow: 0.7471899717840789
