Purity: 0.45919171678728565
Coverage: 0.6791664814348723
Overflow: 0.7424873182540049
