Purity: 0.5118010276735491
Coverage: 0.7891401245446029
Overflow: 0.7252397884081545
