Purity: 0.5174018193710241
Coverage: 0.8046477898263603
Overflow: 0.7395430745343702
