Purity: 0.5195259255007497
Coverage: 0.8021064066932306
Overflow: 0.7417208305047152
