Purity: 0.5157186954408608
Coverage: 0.7563809378397389
Overflow: 0.7469702978282934
