Purity: 0.505102319627652
Coverage: 0.8048757861235993
Overflow: 0.720843947653199
