Purity: 0.49075230276045795
Coverage: 0.7858073898698756
Overflow: 0.7125899836668302
