Purity: 0.4962648499242909
Coverage: 0.7779091089763788
Overflow: 0.7436633350585103
