Purity: 0.4876699766985315
Coverage: 0.7215780215880533
Overflow: 0.7882602821672705
