Purity: 0.5156341892542042
Coverage: 0.7563773752781595
Overflow: 0.747010626642559
