Purity: 0.46667066176484306
Coverage: 0.7752976253577357
Overflow: 0.7416334514071395
