Purity: 0.5698369831939983
Coverage: 0.8311687288293115
Overflow: 0.32964570788404984
