Purity: 0.5369760780572316
Coverage: 0.7111815816369286
Overflow: 0.372496849180787
