Purity: 0.5553486866519343
Coverage: 0.8860627663347177
Overflow: 0.35499229799747933
