Purity: 0.48609254562034737
Coverage: 0.7833816043100746
Overflow: 0.3612239182187369
