Purity: 0.6314475261103477
Coverage: 0.795733242577184
Overflow: 0.3276851981515194
