Purity: 0.6062201372392207
Coverage: 0.8275718424029167
Overflow: 0.4047752415628063
