Purity: 0.5169724709215179
Coverage: 0.7706178985336454
Overflow: 0.32964570788404984
