Purity: 0.429297871307326
Coverage: 0.7947095027920216
Overflow: 0.7068149870242214
