Purity: 0.416863564055701
Coverage: 0.8140276232300132
Overflow: 0.7567582179930796
