Purity: 0.4369265567131293
Coverage: 0.8282388740829951
Overflow: 0.7513381271626297
