Purity: 0.3915788563011169
Coverage: 0.7432347765737943
Overflow: 0.7932120458477508
