Purity: 0.41580316295889447
Coverage: 0.7794219681751241
Overflow: 0.769450151384083
