Purity: 0.4205056425796671
Coverage: 0.800315643743557
Overflow: 0.7293739186851211
