Purity: 0.4094858906672954
Coverage: 0.7721476887444223
Overflow: 0.7218182309688581
