Purity: 0.4613242009602279
Coverage: 0.8199401985388166
Overflow: 0.6478292603806228
