Purity: 0.41963787943124936
Coverage: 0.8109056241976175
Overflow: 0.7034088451557093
