Purity: 0.45707567310165964
Coverage: 0.8045351780261585
Overflow: 0.6889603838918124
