Purity: 0.4423305283149057
Coverage: 0.7857134783678835
Overflow: 0.671497123537912
