Purity: 0.487197680944519
Coverage: 0.7687683173782772
Overflow: 0.6929138151975353
