Purity: 0.4722079774567441
Coverage: 0.791953949120654
Overflow: 0.6620634184911525
