Purity: 0.44757261090628797
Coverage: 0.7887669606277484
Overflow: 0.661681707882324
