Purity: 0.45258633995368064
Coverage: 0.7736609359689296
Overflow: 0.6843798565858713
