Purity: 0.4557030184348031
Coverage: 0.7753869746797291
Overflow: 0.6866292226736102
