Purity: 0.4202945655662102
Coverage: 0.7930818871479728
Overflow: 0.7064372767674565
