Purity: 0.48612391767542645
Coverage: 0.7439343286773834
Overflow: 0.6793767211058702
