Purity: 0.40885541760898786
Coverage: 0.8471962448056924
Overflow: 0.7433118475842793
