Purity: 0.4189454130299484
Coverage: 0.8821058759024988
Overflow: 0.7388625862757401
