Purity: 0.41904833601944824
Coverage: 0.8900230778877548
Overflow: 0.7308767326450288
