Purity: 0.45014118815871
Coverage: 0.9488017653524469
Overflow: 0.6339056528435343
