Purity: 0.46636058510135797
Coverage: 0.8712211410809794
Overflow: 0.6258057155895271
