Purity: 0.4375531842912955
Coverage: 0.8979278132823111
Overflow: 0.6513034053961554
