Purity: 0.4330388440154567
Coverage: 0.8072383513258602
Overflow: 0.7418287604814329
