Purity: 0.47314224348466455
Coverage: 0.8712211410809794
Overflow: 0.6154241058696024
