Purity: 0.4298929324149658
Coverage: 0.9254097930324691
Overflow: 0.6645941475101249
