Purity: 0.6213187719630073
Coverage: 0.7670548166065049
Overflow: 0.6939878421110021
