Purity: 0.4703241112876295
Coverage: 0.7807400340839068
Overflow: 0.736131555991713
