Purity: 0.5101388723571072
Coverage: 0.7889525917351469
Overflow: 0.7301343910151564
