Purity: 0.5103563644549137
Coverage: 0.7229377944386143
Overflow: 0.7179083524152219
