Purity: 0.5225009000041657
Coverage: 0.7874423921076362
Overflow: 0.7420333115254607
