Purity: 0.5227964356528174
Coverage: 0.7460943017618994
Overflow: 0.7333714971104569
