Purity: 0.49544599822967567
Coverage: 0.771394418322187
Overflow: 0.7295619343583033
