Purity: 0.5036794501906248
Coverage: 0.7930620248288706
Overflow: 0.746217697088649
