Purity: 0.546425720290879
Coverage: 0.759656372331498
Overflow: 0.7283352415221895
