Purity: 0.5190058334433396
Coverage: 0.7881991056880348
Overflow: 0.7174653800021807
