Purity: 0.5097521008717097
Coverage: 0.8703590837675877
Overflow: 0.7263047151464915
