Purity: 0.5812025670962163
Coverage: 0.8881282163573451
Overflow: 0.7631109127426914
