Purity: 0.4904196693545463
Coverage: 0.7434236490745825
Overflow: 0.7252606242229094
