Purity: 0.5557976719619541
Coverage: 0.8869273503757392
Overflow: 0.7794497401727931
