Purity: 0.5595975488531779
Coverage: 0.8264978656319583
Overflow: 0.7648643478815316
