Purity: 0.5139581076615303
Coverage: 0.8887428153117383
Overflow: 0.7254359677367934
