Purity: 0.5301527608145044
Coverage: 0.7773356431019995
Overflow: 0.7329837089935283
