Purity: 0.5635072056738448
Coverage: 0.8257838213015973
Overflow: 0.8152357573245768
