Purity: 0.5243879453757543
Coverage: 0.8788293294743755
Overflow: 0.7682755762425479
