Purity: 0.559738196197313
Coverage: 0.8264978656319583
Overflow: 0.7665301112634297
