Purity: 0.7692269273117274
Coverage: 0.9223767557800785
Overflow: 0.7554334584084597
