Purity: 0.6764651515941108
Coverage: 0.8957532029017785
Overflow: 0.734004190828907
