Purity: 0.7338637703656349
Coverage: 0.8960405387508432
Overflow: 0.7200672481847863
