Purity: 0.7073877858396362
Coverage: 0.892972306306773
Overflow: 0.7836850056040154
