Purity: 0.8164244111272584
Coverage: 0.8981316862112553
Overflow: 0.7374518785634229
