Purity: 0.7077421311739954
Coverage: 0.9142137913105831
Overflow: 0.798462550557965
