Purity: 0.6662637275335758
Coverage: 0.8980264612921038
Overflow: 0.7652404853564642
