Purity: 0.7075862757723957
Coverage: 0.9158121144432776
Overflow: 0.7808586326202427
