Purity: 0.7334598660448816
Coverage: 0.8960405387508432
Overflow: 0.6809244188879684
