Purity: 0.6139901725265222
Coverage: 0.8523738426321777
Overflow: 0.7860240729009308
