Purity: 0.4624738653347775
Coverage: 0.8408712825386483
Overflow: 0.599439168777686
