Purity: 0.5024501652577377
Coverage: 0.8056452005450361
Overflow: 0.5916092063019006
