Purity: 0.4479728027260431
Coverage: 0.8082132452353568
Overflow: 0.7045205163982172
