Purity: 0.41797130352509215
Coverage: 0.8179104617736379
Overflow: 0.7185142036603043
