Purity: 0.45224092348388767
Coverage: 0.8285158246112188
Overflow: 0.6748127175930316
