Purity: 0.4846829059411922
Coverage: 0.789681237473322
Overflow: 0.6044243351982552
