Purity: 0.46937762455442494
Coverage: 0.7914572218314222
Overflow: 0.6320459502296156
