Purity: 0.45917278769118
Coverage: 0.7566295719983411
Overflow: 0.676682155000745
