Purity: 0.4453034476183568
Coverage: 0.8027111769658594
Overflow: 0.6769937279020306
