Purity: 0.5113808822129982
Coverage: 0.8648944302408722
Overflow: 0.736202319407573
