Purity: 0.5090102267549618
Coverage: 0.8558873922569304
Overflow: 0.736202319407573
