Purity: 0.4328353282935463
Coverage: 0.7702577821149903
Overflow: 0.7587676400726562
