Purity: 0.4250436208127477
Coverage: 0.7588287471943763
Overflow: 0.7589772250943133
