Purity: 0.4455736671686669
Coverage: 0.8242813858688403
Overflow: 0.7512924409668855
