Purity: 0.49060997245397925
Coverage: 0.8151269461020488
Overflow: 0.5871873690093614
