Purity: 0.47333261983201674
Coverage: 0.7521848893019258
Overflow: 0.7489870057286573
