Purity: 0.4444056166717539
Coverage: 0.7304287229197702
Overflow: 0.747869218946486
