Purity: 0.4229143326466678
Coverage: 0.7684162591983766
Overflow: 0.792091658516138
