Purity: 0.45276181896850715
Coverage: 0.7651465724526006
Overflow: 0.7123794886125472
