Purity: 0.5886936768052913
Coverage: 0.7583980337191367
Overflow: 0.7320548436239807
