Purity: 0.5008663134205943
Coverage: 0.7178657033399234
Overflow: 0.8750272041785618
