Purity: 0.5144910936047955
Coverage: 0.7325474984219649
Overflow: 0.8014799073137634
