Purity: 0.5641789582021437
Coverage: 0.8338832544496764
Overflow: 0.7327589517749926
