Purity: 0.5365592199040639
Coverage: 0.7144126377183286
Overflow: 0.7905854339226506
