Purity: 0.5363173490820663
Coverage: 0.6823931683539461
Overflow: 0.7905854339226506
