Purity: 0.5303371542437213
Coverage: 0.7190462305272937
Overflow: 0.7170381370578521
