Purity: 0.553772145222407
Coverage: 0.828590120470649
Overflow: 0.7140168729916915
