Purity: 0.4923439980840855
Coverage: 0.7593222976289299
Overflow: 0.8273910872710049
