Purity: 0.5572768839291631
Coverage: 0.7431800429663641
Overflow: 0.810543699512245
