Purity: 0.43884397066638614
Coverage: 0.7211224794627767
Overflow: 0.711376499580253
