Purity: 0.4197628573877595
Coverage: 0.7617569480612588
Overflow: 0.7485985864001949
