Purity: 0.43126313564484936
Coverage: 0.6594217653510883
Overflow: 0.7160343380182522
