Purity: 0.45690250496402207
Coverage: 0.6981722582953076
Overflow: 0.6880060660221519
