Purity: 0.4360649861399594
Coverage: 0.7013291484182772
Overflow: 0.7122972350854389
