Purity: 0.43975925876943384
Coverage: 0.6697483405735462
Overflow: 0.7386465188073768
