Purity: 0.4296766299413214
Coverage: 0.7375187242939424
Overflow: 0.7489550755560752
