Purity: 0.4628766707118334
Coverage: 0.7678633030106936
Overflow: 0.7288019173998188
