Purity: 0.41786093466205365
Coverage: 0.7911130954884421
Overflow: 0.7489331540642445
