Purity: 0.4983488504255551
Coverage: 0.732170853788078
Overflow: 0.759674685061234
