Purity: 0.4248436238862383
Coverage: 0.7675847185491331
Overflow: 0.7547934995469558
