Purity: 0.47528414937508784
Coverage: 0.7153312991861068
Overflow: 0.7670914564639172
