Purity: 0.4564185896394086
Coverage: 0.7305999188198872
Overflow: 0.7472817350130068
