Purity: 0.5198838320773166
Coverage: 0.8021181932598769
Overflow: 0.6821529827843218
