Purity: 0.5197424430117066
Coverage: 0.8021181932598769
Overflow: 0.665288048402654
