Purity: 0.46970795064175935
Coverage: 0.7552863226188161
Overflow: 0.6949697483412738
