Purity: 0.42323614361357814
Coverage: 0.7577276918290453
Overflow: 0.772732193115393
