Purity: 0.40854820402219855
Coverage: 0.7499549078990807
Overflow: 0.7417460489283395
