Purity: 0.46297379013354056
Coverage: 0.8100595797935444
Overflow: 0.7550335570469798
