Purity: 0.4351129914397873
Coverage: 0.7478489673303733
Overflow: 0.7445469798657718
