Purity: 0.4064097224426189
Coverage: 0.7671347051129203
Overflow: 0.7644105867070795
