Purity: 0.4432908310136658
Coverage: 0.7303528421501052
Overflow: 0.7084596232950855
