Purity: 0.44027518399716054
Coverage: 0.7474298868448839
Overflow: 0.7108140290106083
