Purity: 0.42890031003737455
Coverage: 0.7506010912541886
Overflow: 0.7139126434293137
