Purity: 0.44895776029073886
Coverage: 0.7650710884669913
Overflow: 0.7692276466767699
