Purity: 0.6380584964723229
Coverage: 0.789187178078819
Overflow: 0.6930431150508192
