Purity: 0.7060431460749976
Coverage: 0.8009500865644416
Overflow: 0.6933679862625888
