Purity: 0.5167877717081031
Coverage: 0.7083589507616672
Overflow: 0.7755604028403026
