Purity: 0.4071750260952461
Coverage: 0.6920869062174987
Overflow: 0.8449900218127814
