Purity: 0.5111614945180871
Coverage: 0.7970338513957607
Overflow: 0.7565322318652249
