Purity: 0.5171149332298325
Coverage: 0.7909636509161292
Overflow: 0.7755604028403026
