Purity: 0.5949505191685748
Coverage: 0.871710156280587
Overflow: 0.5830510047802479
