Purity: 0.5763313011673482
Coverage: 0.7055586159576047
Overflow: 0.7565322318652249
