Purity: 0.5737551471385678
Coverage: 0.7055586159576047
Overflow: 0.5659256509026779
