Purity: 0.5836861924594648
Coverage: 0.7190618043414371
Overflow: 0.741913027335592
