Purity: 0.4468567632225418
Coverage: 0.7097546836208454
Overflow: 0.6889538819833726
