Purity: 0.45982033021238816
Coverage: 0.740284097907675
Overflow: 0.6797194464754787
