Purity: 0.44887997331255963
Coverage: 0.7228785039972164
Overflow: 0.7158312345979906
