Purity: 0.5206796705120671
Coverage: 0.588625677488521
Overflow: 0.7107859996296199
