Purity: 0.46283276989662714
Coverage: 0.4907798282371082
Overflow: 0.7840419058705257
