Purity: 0.6053111937149109
Coverage: 0.5928300532850728
Overflow: 0.8071112992407207
