Purity: 0.6273037750518328
Coverage: 0.6045020904222373
Overflow: 0.7922167253101934
