Purity: 0.4472762343609727
Coverage: 0.6571904820641856
Overflow: 0.7653641630730972
