Purity: 0.4915848323949254
Coverage: 0.5908067229172782
Overflow: 0.753511997671896
