Purity: 0.5210802990219423
Coverage: 0.588625677488521
Overflow: 0.7329823540305299
