Purity: 0.6220117912004871
Coverage: 0.7589077511756659
Overflow: 0.8042805365221302
