Purity: 0.5857922929665935
Coverage: 0.742845473991767
Overflow: 0.7105214423662002
