Purity: 0.691567341184741
Coverage: 0.6338793999956323
Overflow: 0.6657848091219345
