Purity: 0.41408027019321453
Coverage: 0.7491628976382102
Overflow: 0.6301239921403889
