Purity: 0.44753517173518265
Coverage: 0.7444505720736676
Overflow: 0.6429297377871129
