Purity: 0.47037340722136617
Coverage: 0.7338996898948249
Overflow: 0.6754522664137137
