Purity: 0.39435124876399225
Coverage: 0.7555356577905972
Overflow: 0.6100684328206518
