Purity: 0.4186247891601668
Coverage: 0.6705171960542882
Overflow: 0.6090521038010706
