Purity: 0.45204501005099057
Coverage: 0.7888096116114983
Overflow: 0.6305305237482214
