Purity: 0.39647534682105895
Coverage: 0.7274740559152936
Overflow: 0.6075614879056846
