Purity: 0.4402816224582455
Coverage: 0.7886421571447824
Overflow: 0.5702277831247995
