Purity: 0.3111624260575513
Coverage: 0.7886421571447824
Overflow: 0.48148861084376005
