Purity: 0.48734043211066125
Coverage: 0.8022019683496208
Overflow: 0.5910811677895412
