Purity: 0.43961574006374193
Coverage: 0.8010178601159893
Overflow: 0.5745909528392685
