Purity: 0.41598630355020005
Coverage: 0.826835029812179
Overflow: 0.5870388193776067
