Purity: 0.4659313999304342
Coverage: 0.7801779956134376
Overflow: 0.6260506897658005
