Purity: 0.42228672886996815
Coverage: 0.823071588951964
Overflow: 0.5867821623355791
