Purity: 0.42906478369333007
Coverage: 0.7886421571447824
Overflow: 0.5745267885787616
