Purity: 0.41006586870591777
Coverage: 0.8889240262095406
Overflow: 0.5595765158806545
