Purity: 0.4223775180167627
Coverage: 0.823071588951964
Overflow: 0.5867821623355791
