Purity: 0.45404009554666547
Coverage: 0.8826258753266273
Overflow: 0.5893200694477031
