Purity: 0.38392453371462754
Coverage: 0.9343371541367181
Overflow: 0.7109473980573413
