Purity: 0.42212571481259537
Coverage: 0.9376475615488027
Overflow: 0.721411477640655
