Purity: 0.4436201412325427
Coverage: 0.9762749027201958
Overflow: 0.6623340059124396
