Purity: 0.41764121607810645
Coverage: 0.929853506742403
Overflow: 0.6139552343859979
