Purity: 0.46480052861087123
Coverage: 0.8626534673134794
Overflow: 0.5884285110975552
