Purity: 0.4125939200888343
Coverage: 0.8449843084679647
Overflow: 0.575430528834874
