Purity: 0.4948179598620695
Coverage: 0.9811095363673855
Overflow: 0.6092628220167988
