Purity: 0.381375243109614
Coverage: 0.9312447062200514
Overflow: 0.7109473980573413
