Purity: 0.5086346059714526
Coverage: 0.9474206919261066
Overflow: 0.5926516822298343
