Purity: 0.45237028941610563
Coverage: 0.8211411504313155
Overflow: 0.6826170410580932
