Purity: 0.3888134161087716
Coverage: 0.7990702185001579
Overflow: 0.705500404882584
