Purity: 0.37304256585527507
Coverage: 0.8291438684923215
Overflow: 0.6628227813933959
