Purity: 0.4064210639796649
Coverage: 0.7844957999519282
Overflow: 0.6733947155324955
