Purity: 0.4796076800106579
Coverage: 0.7710980247847624
Overflow: 0.6968479141049095
