Purity: 0.4697024261521698
Coverage: 0.8218298600396537
Overflow: 0.7110937828029872
