Purity: 0.45784780612816606
Coverage: 0.8462007258044606
Overflow: 0.6457577302582251
