Purity: 0.4622111096357792
Coverage: 0.8084358710962504
Overflow: 0.7073598656389647
