Purity: 0.42379131258556535
Coverage: 0.8438674664374095
Overflow: 0.6631376900698798
