Purity: 0.40648408545233566
Coverage: 0.7845093759013304
Overflow: 0.6733497285787122
