Purity: 0.41245281784896193
Coverage: 0.7142307722889703
Overflow: 0.7672954271554118
