Purity: 0.4609451271312939
Coverage: 0.7770295677122429
Overflow: 0.7152026432314588
