Purity: 0.4367098287417985
Coverage: 0.7832990186377249
Overflow: 0.6572059201884928
