Purity: 0.4064410627479254
Coverage: 0.7256966879399999
Overflow: 0.7460222887242888
