Purity: 0.47850442110770464
Coverage: 0.8082927292978601
Overflow: 0.6703408306138201
