Purity: 0.44229359348226516
Coverage: 0.7582999693953062
Overflow: 0.7633955774621186
