Purity: 0.4893148739277304
Coverage: 0.804119891644782
Overflow: 0.6739427751222088
