Purity: 0.482185000127961
Coverage: 0.8131172396755043
Overflow: 0.6918847919403106
