Purity: 0.4353171033503064
Coverage: 0.8206519186779666
Overflow: 0.7068883803436743
