Purity: 0.447690396745658
Coverage: 0.7428192243257161
Overflow: 0.7167138039812901
