Purity: 0.4507070197383237
Coverage: 0.7416799619818143
Overflow: 0.7184134667681932
