Purity: 0.4671563824807135
Coverage: 0.7738258504941389
Overflow: 0.7070597193516807
