Purity: 0.47514015367828005
Coverage: 0.797894961740126
Overflow: 0.6866773632111389
