Purity: 0.4807567664713378
Coverage: 0.7281142998509559
Overflow: 0.6219678015881649
