Purity: 0.4234527780639872
Coverage: 0.7487633445368459
Overflow: 0.7637468726204721
