Purity: 0.46216095919236966
Coverage: 0.7392660906570883
Overflow: 0.6678722941368432
