Purity: 0.4766531427881602
Coverage: 0.7249408667060909
Overflow: 0.6696943326444034
