Purity: 0.4632605156723363
Coverage: 0.7596674837822468
Overflow: 0.6590476449472424
